HAP	chr1	chr2	chr3	chr4	chr5	chr6	chr7	chr8	chr9	chr10	chr11	chr12	chr13	chr14	chr15	chr16	chr17	chr18
hap01	6156719	6062785	6034716	5967513	5558200	5554679	5184328	5113503	4787822	4648557	4640345	3976801	3570070	3568213	3494038	3430719	3318234	2873395
hap02	6527790	6111596	4933499	6361177	7278493	5249173	5504590	2822573	5144719	4975925	4948285	3939593	3305433	3562274	3444477	5892386	2935969	3060192
hap03	6431128	6046846	5483970	6303573	5846126	5275169	5676608	5297988	5530415	4972529	4677223	4075536	3452748	3315689	3388781	3610390	3438318	3058734
hap04	6469950	6310084	5965025	5632163	5892059	5506877	5354263	4832244	5713519	4471209	4815471	4362848	3921206	3296939	3757032	3707638	3292254	3201278
hap05	6433450	6006508	5767174	5723908	5386199	5005326	5144002	5143240	5468201	4257747	4525877	4105082	3580773	3256205	3635536	3487652	3045245	2905627
hap06	6411922	6326779	5766163	6178382	6041070	5943531	5674687	4846660	5487537	4347989	4535510	4177070	3848652	3187975	3277260	3574963	3067225	2851614
hap07	6668637	6066083	5978723	6137939	5403242	5541906	5265083	5197268	5300970	4289511	4547731	4104532	3830607	3052376	3580756	3210749	3119618	2897469
hapE	6640323	6161342	4065348	6068686	7041308	3105625	4859095	5318557	5164392	4363308	3672824	4787637	3931899	3047887	2556378	3171897	3070746	3231275
hapF	6361913	6833985	4373011	6305286	5663384	3220211	5131363	5087168	5654221	4517833	3086048	4134082	3067603	3730722	2804083	3454897	2658233	3872433
